#Insert size (bp)	insert size
1.0	1215.0
2.0	2158.0
3.0	1852.0
4.0	1491.0
5.0	1378.0
6.0	1266.0
7.0	1324.0
8.0	1316.0
9.0	1309.0
10.0	1223.0
11.0	1337.0
12.0	1280.0
13.0	1287.0
14.0	1282.0
15.0	1264.0
16.0	1399.0
17.0	1433.0
18.0	1552.0
19.0	37954.0
20.0	26207.0
21.0	15857.0
22.0	9834.0
23.0	7035.0
24.0	5225.0
25.0	4933.0
26.0	4769.0
27.0	4266.0
28.0	3925.0
29.0	4133.0
30.0	4020.0
31.0	3883.0
32.0	4037.0
33.0	4016.0
34.0	3931.0
35.0	4166.0
36.0	3874.0
37.0	4089.0
38.0	4324.0
39.0	4307.0
40.0	4453.0
41.0	4676.0
42.0	4455.0
43.0	4529.0
44.0	4951.0
45.0	4995.0
46.0	5035.0
47.0	5316.0
48.0	5552.0
49.0	5751.0
50.0	6204.0
51.0	6263.0
52.0	6575.0
53.0	7468.0
54.0	7558.0
55.0	8072.0
56.0	8123.0
57.0	8554.0
58.0	8946.0
59.0	9563.0
60.0	9603.0
61.0	10161.0
62.0	10569.0
63.0	10929.0
64.0	12102.0
65.0	11844.0
66.0	12193.0
67.0	12990.0
68.0	13527.0
69.0	14098.0
70.0	14624.0
71.0	15609.0
72.0	16234.0
73.0	17062.0
74.0	17824.0
75.0	19100.0
76.0	20702.0
77.0	22204.0
78.0	23793.0
79.0	24616.0
80.0	26124.0
81.0	27240.0
82.0	28969.0
83.0	30500.0
84.0	31992.0
85.0	33585.0
86.0	34908.0
87.0	36832.0
88.0	38628.0
89.0	41655.0
90.0	43663.0
91.0	46495.0
92.0	48667.0
93.0	51261.0
94.0	54571.0
95.0	57652.0
96.0	61017.0
97.0	64507.0
98.0	68075.0
99.0	71906.0
100.0	77041.0
101.0	81016.0
102.0	85695.0
103.0	90514.0
104.0	95216.0
105.0	101182.0
106.0	106836.0
107.0	112413.0
108.0	118663.0
109.0	125618.0
110.0	133099.0
111.0	139040.0
112.0	146627.0
113.0	154058.0
114.0	161605.0
115.0	168715.0
116.0	178441.0
117.0	187079.0
118.0	195200.0
119.0	203431.0
120.0	214334.0
121.0	221780.0
122.0	231834.0
123.0	241413.0
124.0	250878.0
125.0	261228.0
126.0	271086.0
127.0	280821.0
128.0	291438.0
129.0	300287.0
130.0	310357.0
131.0	322537.0
132.0	332871.0
133.0	341246.0
134.0	354686.0
135.0	363586.0
136.0	375306.0
137.0	385408.0
138.0	394694.0
139.0	405561.0
140.0	414627.0
141.0	426239.0
142.0	436768.0
143.0	446801.0
144.0	459383.0
145.0	468132.0
146.0	479077.0
147.0	488764.0
148.0	499368.0
149.0	509995.0
150.0	520994.0
151.0	532059.0
152.0	544436.0
153.0	555931.0
154.0	564855.0
155.0	573549.0
156.0	582082.0
157.0	590567.0
158.0	600639.0
159.0	608483.0
160.0	617334.0
161.0	626706.0
162.0	636232.0
163.0	644063.0
164.0	651608.0
165.0	662930.0
166.0	668778.0
167.0	679166.0
168.0	686557.0
169.0	694128.0
170.0	700326.0
171.0	710047.0
172.0	717704.0
173.0	726724.0
174.0	736328.0
175.0	739789.0
176.0	748757.0
177.0	756367.0
178.0	762468.0
179.0	767297.0
180.0	774046.0
181.0	782340.0
182.0	786946.0
183.0	793583.0
184.0	799320.0
185.0	805162.0
186.0	812039.0
187.0	816550.0
188.0	821465.0
189.0	827918.0
190.0	831647.0
191.0	835070.0
192.0	843175.0
193.0	846098.0
194.0	850976.0
195.0	853694.0
196.0	856622.0
197.0	862365.0
198.0	864659.0
199.0	869981.0
200.0	871844.0
201.0	874677.0
202.0	875894.0
203.0	878587.0
204.0	883122.0
205.0	885244.0
206.0	884147.0
207.0	890005.0
208.0	889797.0
209.0	892802.0
210.0	894242.0
211.0	894999.0
212.0	895220.0
213.0	897111.0
214.0	894935.0
215.0	896306.0
216.0	898196.0
217.0	896993.0
218.0	897141.0
219.0	897207.0
220.0	898773.0
221.0	896612.0
222.0	895401.0
223.0	892550.0
224.0	894914.0
225.0	894017.0
226.0	893694.0
227.0	893803.0
228.0	892253.0
229.0	890712.0
230.0	889177.0
231.0	887301.0
232.0	884116.0
233.0	881956.0
234.0	881930.0
235.0	878012.0
236.0	877447.0
237.0	876888.0
238.0	871659.0
239.0	867653.0
240.0	865555.0
241.0	864334.0
242.0	860959.0
243.0	859902.0
244.0	854011.0
245.0	850987.0
246.0	850224.0
247.0	845695.0
248.0	844348.0
249.0	840592.0
250.0	836543.0
251.0	833407.0
252.0	830019.0
253.0	823768.0
254.0	821474.0
255.0	819556.0
256.0	816382.0
257.0	811182.0
258.0	807360.0
259.0	802423.0
260.0	800086.0
261.0	796827.0
262.0	791068.0
263.0	788198.0
264.0	782992.0
265.0	779926.0
266.0	775486.0
267.0	771942.0
268.0	768012.0
269.0	762579.0
270.0	759661.0
271.0	756853.0
272.0	751142.0
273.0	748261.0
274.0	741436.0
275.0	738850.0
276.0	733129.0
277.0	731250.0
278.0	724495.0
279.0	721411.0
280.0	717745.0
281.0	712111.0
282.0	709368.0
283.0	702281.0
284.0	698782.0
285.0	694459.0
286.0	689779.0
287.0	685698.0
288.0	680596.0
289.0	675259.0
290.0	672692.0
291.0	669022.0
292.0	664424.0
293.0	659570.0
294.0	654666.0
295.0	651598.0
296.0	647488.0
297.0	644711.0
298.0	639068.0
299.0	633825.0
300.0	631504.0
301.0	627717.0
302.0	623599.0
303.0	616956.0
304.0	614319.0
305.0	611016.0
306.0	607665.0
307.0	602763.0
308.0	599391.0
309.0	594590.0
310.0	590661.0
311.0	587723.0
312.0	582205.0
313.0	578439.0
314.0	574283.0
315.0	569466.0
316.0	565423.0
317.0	561777.0
318.0	559380.0
319.0	554487.0
320.0	550898.0
321.0	547054.0
322.0	542595.0
323.0	538956.0
324.0	534263.0
325.0	530355.0
326.0	527429.0
327.0	524363.0
328.0	519679.0
329.0	514974.0
330.0	512340.0
331.0	509564.0
332.0	504994.0
333.0	500992.0
334.0	496244.0
335.0	493497.0
336.0	490744.0
337.0	486754.0
338.0	482443.0
339.0	478854.0
340.0	475151.0
341.0	472342.0
342.0	468162.0
343.0	465295.0
344.0	461659.0
345.0	460186.0
346.0	454995.0
347.0	451521.0
348.0	448970.0
349.0	443586.0
350.0	441015.0
351.0	437574.0
352.0	434135.0
353.0	430627.0
354.0	427091.0
355.0	425250.0
356.0	421587.0
357.0	419012.0
358.0	414411.0
359.0	411583.0
360.0	408261.0
361.0	405295.0
362.0	401051.0
363.0	398965.0
364.0	393718.0
365.0	392772.0
366.0	389990.0
367.0	385929.0
368.0	383513.0
369.0	381689.0
370.0	377080.0
371.0	375418.0
372.0	370900.0
373.0	369235.0
374.0	365974.0
375.0	363088.0
376.0	360036.0
377.0	357385.0
378.0	354864.0
379.0	351111.0
380.0	349066.0
381.0	346378.0
382.0	344393.0
383.0	340064.0
384.0	338712.0
385.0	335491.0
386.0	333488.0
387.0	331111.0
388.0	327268.0
389.0	324907.0
390.0	322823.0
391.0	319402.0
392.0	316161.0
393.0	313609.0
394.0	311438.0
395.0	306969.0
396.0	301911.0
397.0	297409.0
398.0	293971.0
399.0	291309.0
400.0	290834.0
401.0	286981.0
402.0	285716.0
403.0	282758.0
404.0	280038.0
405.0	278296.0
406.0	276907.0
407.0	274348.0
408.0	271125.0
409.0	269260.0
410.0	269061.0
411.0	265887.0
412.0	262048.0
413.0	261092.0
414.0	258931.0
415.0	256569.0
416.0	255068.0
417.0	251855.0
418.0	251078.0
419.0	249033.0
420.0	247536.0
421.0	244524.0
422.0	242304.0
423.0	239903.0
424.0	238824.0
425.0	235811.0
426.0	233910.0
427.0	231901.0
428.0	231162.0
429.0	228022.0
430.0	226034.0
431.0	223573.0
432.0	223136.0
433.0	220708.0
434.0	218704.0
435.0	216357.0
436.0	214944.0
437.0	212360.0
438.0	211878.0
439.0	209540.0
440.0	207435.0
441.0	205976.0
442.0	203949.0
443.0	201491.0
444.0	200438.0
445.0	198708.0
446.0	195875.0
447.0	194735.0
448.0	193918.0
449.0	193320.0
450.0	190817.0
451.0	188041.0
452.0	187696.0
453.0	185653.0
454.0	183843.0
455.0	181743.0
456.0	181848.0
457.0	180404.0
458.0	177555.0
459.0	176327.0
460.0	174495.0
461.0	172878.0
462.0	171152.0
463.0	169299.0
464.0	168162.0
465.0	166841.0
466.0	164458.0
467.0	163941.0
468.0	162300.0
469.0	160338.0
470.0	158106.0
471.0	156206.0
472.0	153116.0
473.0	150673.0
474.0	148259.0
475.0	147060.0
476.0	145416.0
477.0	144153.0
478.0	142687.0
479.0	141749.0
480.0	139591.0
481.0	139132.0
482.0	138307.0
483.0	136929.0
484.0	135790.0
485.0	134478.0
486.0	133177.0
487.0	132148.0
488.0	131735.0
489.0	130107.0
490.0	129026.0
491.0	127777.0
492.0	126438.0
493.0	125387.0
494.0	124277.0
495.0	123567.0
496.0	122659.0
497.0	121373.0
498.0	120316.0
499.0	119183.0
500.0	117130.0
501.0	117249.0
502.0	115479.0
503.0	115181.0
504.0	114301.0
505.0	112513.0
506.0	111529.0
507.0	111280.0
508.0	109418.0
509.0	109655.0
510.0	107767.0
511.0	107366.0
512.0	105718.0
513.0	105272.0
514.0	104377.0
515.0	103343.0
516.0	102282.0
517.0	101636.0
518.0	101148.0
519.0	99322.0
520.0	98777.0
521.0	97856.0
522.0	96462.0
523.0	96180.0
524.0	95345.0
525.0	94262.0
526.0	93729.0
527.0	92295.0
528.0	91289.0
529.0	90360.0
530.0	88872.0
531.0	87539.0
532.0	86361.0
533.0	85049.0
534.0	84559.0
535.0	83021.0
536.0	82678.0
537.0	82167.0
538.0	81469.0
539.0	80621.0
540.0	79394.0
541.0	78997.0
542.0	78190.0
543.0	77602.0
544.0	76047.0
545.0	76672.0
546.0	75444.0
547.0	74798.0
548.0	74413.0
549.0	73847.0
550.0	73002.0
551.0	72353.0
552.0	71776.0
553.0	70358.0
554.0	71002.0
555.0	69743.0
556.0	69198.0
557.0	68581.0
558.0	68062.0
559.0	67625.0
560.0	66767.0
561.0	66163.0
562.0	65409.0
563.0	65212.0
564.0	64603.0
565.0	63820.0
566.0	63207.0
567.0	62997.0
568.0	62234.0
569.0	61555.0
570.0	60841.0
571.0	60341.0
572.0	59543.0
573.0	58829.0
574.0	58734.0
575.0	57838.0
576.0	57528.0
577.0	56697.0
578.0	56266.0
579.0	55569.0
580.0	54849.0
581.0	53272.0
582.0	52673.0
583.0	52123.0
584.0	51410.0
585.0	50962.0
586.0	50759.0
587.0	50085.0
588.0	49257.0
589.0	49419.0
590.0	48897.0
591.0	48780.0
592.0	47904.0
593.0	47763.0
594.0	46861.0
595.0	47032.0
596.0	46631.0
597.0	46019.0
598.0	44832.0
599.0	44853.0
600.0	44602.0
601.0	44122.0
602.0	43979.0
603.0	43682.0
604.0	43194.0
605.0	42332.0
606.0	42205.0
607.0	42371.0
608.0	41779.0
609.0	41310.0
610.0	40610.0
611.0	40444.0
612.0	40207.0
613.0	39848.0
614.0	39650.0
615.0	38639.0
616.0	38132.0
617.0	38226.0
618.0	37860.0
619.0	37374.0
620.0	37147.0
621.0	36933.0
622.0	35865.0
623.0	35728.0
624.0	35109.0
625.0	34401.0
626.0	33508.0
627.0	33317.0
628.0	33166.0
629.0	32587.0
630.0	32516.0
631.0	32235.0
632.0	31439.0
633.0	31244.0
634.0	31278.0
635.0	31008.0
636.0	30606.0
637.0	30389.0
638.0	30213.0
639.0	30059.0
640.0	29498.0
641.0	29117.0
642.0	29172.0
643.0	28959.0
644.0	28373.0
645.0	28281.0
646.0	28054.0
647.0	27556.0
648.0	27157.0
649.0	27417.0
650.0	27070.0
651.0	26833.0
652.0	26638.0
653.0	26159.0
654.0	25975.0
655.0	25553.0
656.0	25316.0
657.0	25090.0
658.0	24618.0
659.0	24701.0
660.0	24133.0
661.0	24213.0
662.0	23928.0
663.0	23603.0
664.0	23204.0
665.0	22746.0
666.0	22233.0
667.0	22005.0
668.0	21961.0
669.0	21532.0
670.0	21391.0
671.0	21235.0
672.0	20910.0
673.0	20850.0
674.0	20436.0
675.0	20483.0
676.0	20050.0
677.0	20218.0
678.0	19672.0
679.0	19821.0
680.0	19419.0
681.0	19390.0
682.0	19117.0
683.0	18880.0
684.0	18648.0
685.0	18578.0
686.0	18519.0
687.0	18364.0
688.0	17578.0
689.0	17906.0
690.0	17968.0
691.0	17382.0
692.0	17268.0
693.0	17303.0
694.0	16531.0
695.0	16470.0
696.0	16473.0
